
%scenario1
v=[0.943200000000000;0.945450000000000;0.930690000000000;0.910440000000000;0.914850000000000;0.915480000000000;0.906030000000000;0.905130000000000;0.928980000000000;0.921150000000000;0.918090000000000;0.906480000000000;0.918630000000000;0.916290000000000;0.917460000000000;0.931140000000000;0.932850000000000;0.930870000000000;0.945810000000000;0.892260000000000;0.930330000000000;0.945810000000000;0.941310000000000;0.935910000000000;0.952830000000000;0.948240000000000;0.935910000000000;0.945810000000000;0.945450000000000;0.942750000000000;0.936000000000000;0.884790000000000;0.897480000000000;0.911070000000000;0.944370000000000;0.957150000000000;0.925020000000000;0.923850000000000;0.927000000000000;];
ang=[-9.4300;-6.8900;-9.7300;-10.5300;-9.3800;-8.6800;-10.8400;-11.3400;...
    -11.1500;-6.3100;-7.1200;-7.1400;-7.0200;-8.6600;-9.0600;-7.6600;...
    -8.6500;-9.4900;-3.0400;-4.4500;-5.2600;-0.8200;-1.0200;-7.5400;...
    -5.5100;-6.7700;-8.7800;-3.2700;-0.5100;-4.4700;0;1.6300;2.1800;...
    0.7400;4.1400;6.8300;1.2600;6.5500;-10.9600];


%scenario2
v=[1.15280000000000;1.15555000000000;1.13751000000000;1.11276000000000;1.11815000000000;1.11892000000000;1.10737000000000;1.10627000000000;1.13542000000000;1.12585000000000;1.12211000000000;1.10792000000000;1.12277000000000;1.11991000000000;1.12134000000000;1.13806000000000;1.14015000000000;1.13773000000000;1.15599000000000;1.09054000000000;1.13707000000000;1.15599000000000;1.15049000000000;1.14389000000000;1.16457000000000;1.15896000000000;1.14389000000000;1.15599000000000;1.15555000000000;1.15225000000000;1.14400000000000;1.08141000000000;1.09692000000000;1.11353000000000;1.15423000000000;1.16985000000000;1.13058000000000;1.12915000000000;1.13300000000000;];

ang=[-9.4300;-6.8900;-9.7300;-10.5300;-9.3800;-8.6800;-10.8400;-11.3400;...
    -11.1500;-6.3100;-7.1200;-7.1400;-7.0200;-8.6600;-9.0600;-7.6600;...
    -8.6500;-9.4900;-3.0400;-4.4500;-5.2600;-0.8200;-1.0200;-7.5400;...
    -5.5100;-6.7700;-8.7800;-3.2700;-0.5100;-4.4700;0;1.6300;2.1800;...
    0.7400;4.1400;6.8300;1.2600;6.5500;-10.9600];


%scenario3
v=[1.04605224504007;1.04503563984728;1.02205312405940;0.998860623507032;0.994265237029341;0.997167060587917;0.941513561257219;0.955267109053425;1.01141086197385;1.00924190734422;1.00390790667097;0.991273636522635;1.00580378711565;1.00201098727500;0.995322269042505;1.00756561280396;1.01603142735883;1.01696789045795;1.04092868473981;0.986001758323733;1.01471379243290;1.04066592219220;1.03533979975457;1.01524566451361;1.05395261360839;1.04501621734588;1.02573455448358;1.04883179869187;1.05050000000000;1.04750000000000;1.04000000000000;0.983100000000000;0.997200000000000;1.01230000000000;1.04930000000000;1.06350000000000;1.02780000000000;1.02650000000000;1.03000000000000;];
ang=[-11.7875000000000;-8.61250000000000;-12.1625000000000;-13.1625000000000;-11.7250000000000;-10.8500000000000;-13.5500000000000;-14.1750000000000;-13.9375000000000;-7.88750000000000;-8.90000000000000;-8.92500000000000;-8.77500000000000;-10.8250000000000;-11.3250000000000;-9.57500000000000;-10.8125000000000;-11.8625000000000;-3.80000000000000;-5.56250000000000;-6.57500000000000;-1.02500000000000;-1.27500000000000;-9.42500000000000;-6.88750000000000;-8.46250000000000;-10.9750000000000;-4.08750000000000;-0.637500000000000;-5.58750000000000;0;2.03750000000000;2.72500000000000;0.925000000000000;5.17500000000000;8.53750000000000;1.57500000000000;8.18750000000000;-13.7000000000000;];

%scenario4
v=[1.04605224504007;1.04503563984728;1.02205312405940;0.998860623507032;0.994265237029341;0.997167060587917;0.941513561257219;0.955267109053425;1.01141086197385;1.00924190734422;1.00390790667097;0.991273636522635;1.00580378711565;1.00201098727500;0.995322269042505;1.00756561280396;1.01603142735883;1.01696789045795;1.04092868473981;0.986001758323733;1.01471379243290;1.04066592219220;1.03533979975457;1.01524566451361;1.05395261360839;1.04501621734588;1.02573455448358;1.04883179869187;1.05050000000000;1.04750000000000;1.04000000000000;0.983100000000000;0.997200000000000;1.01230000000000;1.04930000000000;1.06350000000000;1.02780000000000;1.02650000000000;1.03000000000000;];
ang=[-9.43022667125446;-6.86776054769556;-9.73963122052095;-10.5613548003752;-9.33762219288318;-8.61459096553897;-10.7562149799538;-11.3664063753561;-11.1759688638436;-6.20426034207801;-7.02501335117068;-7.04315010533078;-6.92889330383455;-8.62625448793589;-9.01350372908857;-7.52468758210675;-8.59276324377201;-9.47261626149749;-2.82028699153877;-4.26262215254023;-5.04459108916587;-0.506953264958771;-0.708244287746182;-7.40562883030974;-5.50711851157203;-6.74942099951065;-8.76874071220071;-3.23461320111911;-0.481704613457226;-4.43941785694192;-1.58930839575270;1.85490037726389;2.41773882499513;0.939267889975229;4.49843115850489;7.20699838490777;1.29562083830169;6.57947171732378;-10.9600000000000;];





